2022/11/25-00:12:52.953448 7f8d42936e40 RocksDB version: 6.15.2
2022/11/25-00:12:52.955876 7f8d42936e40 Git sha rocksdb_build_git_sha:@0@
2022/11/25-00:12:52.955884 7f8d42936e40 Compile date Sep 29 2022
2022/11/25-00:12:52.956107 7f8d42936e40 DB SUMMARY
2022/11/25-00:12:52.956110 7f8d42936e40 DB Session ID:  0BQ29ZIKOZ9DILN5IMOW
2022/11/25-00:12:52.957372 7f8d42936e40 CURRENT file:  CURRENT
2022/11/25-00:12:52.957377 7f8d42936e40 IDENTITY file:  IDENTITY
2022/11/25-00:12:52.958149 7f8d42936e40 MANIFEST file:  MANIFEST-000021 size: 297 Bytes
2022/11/25-00:12:52.958213 7f8d42936e40 SST files in /var/lib/milvus/rdb_data_meta_kv dir, Total Num: 3, files: 000008.sst 000014.sst 000020.sst 
2022/11/25-00:12:52.958216 7f8d42936e40 Write Ahead Log file in /var/lib/milvus/rdb_data_meta_kv: 000022.log size: 36 ; 
2022/11/25-00:12:52.958219 7f8d42936e40                         Options.error_if_exists: 0
2022/11/25-00:12:52.958220 7f8d42936e40                       Options.create_if_missing: 1
2022/11/25-00:12:52.958221 7f8d42936e40                         Options.paranoid_checks: 1
2022/11/25-00:12:52.958222 7f8d42936e40                               Options.track_and_verify_wals_in_manifest: 0
2022/11/25-00:12:52.958223 7f8d42936e40                                     Options.env: 0x5ae4780
2022/11/25-00:12:52.958225 7f8d42936e40                                      Options.fs: Posix File System
2022/11/25-00:12:52.958226 7f8d42936e40                                Options.info_log: 0x7122020
2022/11/25-00:12:52.958227 7f8d42936e40                Options.max_file_opening_threads: 16
2022/11/25-00:12:52.958228 7f8d42936e40                              Options.statistics: (nil)
2022/11/25-00:12:52.958229 7f8d42936e40                               Options.use_fsync: 0
2022/11/25-00:12:52.958230 7f8d42936e40                       Options.max_log_file_size: 0
2022/11/25-00:12:52.958231 7f8d42936e40                  Options.max_manifest_file_size: 1073741824
2022/11/25-00:12:52.958232 7f8d42936e40                   Options.log_file_time_to_roll: 0
2022/11/25-00:12:52.958233 7f8d42936e40                       Options.keep_log_file_num: 1000
2022/11/25-00:12:52.958234 7f8d42936e40                    Options.recycle_log_file_num: 0
2022/11/25-00:12:52.958236 7f8d42936e40                         Options.allow_fallocate: 1
2022/11/25-00:12:52.958237 7f8d42936e40                        Options.allow_mmap_reads: 0
2022/11/25-00:12:52.958238 7f8d42936e40                       Options.allow_mmap_writes: 0
2022/11/25-00:12:52.958238 7f8d42936e40                        Options.use_direct_reads: 0
2022/11/25-00:12:52.958239 7f8d42936e40                        Options.use_direct_io_for_flush_and_compaction: 0
2022/11/25-00:12:52.958240 7f8d42936e40          Options.create_missing_column_families: 0
2022/11/25-00:12:52.958241 7f8d42936e40                              Options.db_log_dir: 
2022/11/25-00:12:52.958242 7f8d42936e40                                 Options.wal_dir: /var/lib/milvus/rdb_data_meta_kv
2022/11/25-00:12:52.958243 7f8d42936e40                Options.table_cache_numshardbits: 6
2022/11/25-00:12:52.958244 7f8d42936e40                         Options.WAL_ttl_seconds: 0
2022/11/25-00:12:52.958245 7f8d42936e40                       Options.WAL_size_limit_MB: 0
2022/11/25-00:12:52.958246 7f8d42936e40                        Options.max_write_batch_group_size_bytes: 1048576
2022/11/25-00:12:52.958247 7f8d42936e40             Options.manifest_preallocation_size: 4194304
2022/11/25-00:12:52.958248 7f8d42936e40                     Options.is_fd_close_on_exec: 1
2022/11/25-00:12:52.958249 7f8d42936e40                   Options.advise_random_on_open: 1
2022/11/25-00:12:52.958250 7f8d42936e40                    Options.db_write_buffer_size: 0
2022/11/25-00:12:52.958251 7f8d42936e40                    Options.write_buffer_manager: 0x712aa20
2022/11/25-00:12:52.958252 7f8d42936e40         Options.access_hint_on_compaction_start: 1
2022/11/25-00:12:52.958253 7f8d42936e40  Options.new_table_reader_for_compaction_inputs: 0
2022/11/25-00:12:52.958254 7f8d42936e40           Options.random_access_max_buffer_size: 1048576
2022/11/25-00:12:52.959944 7f8d42936e40                      Options.use_adaptive_mutex: 0
2022/11/25-00:12:52.959952 7f8d42936e40                            Options.rate_limiter: (nil)
2022/11/25-00:12:52.959954 7f8d42936e40     Options.sst_file_manager.rate_bytes_per_sec: 0
2022/11/25-00:12:52.959956 7f8d42936e40                       Options.wal_recovery_mode: 2
2022/11/25-00:12:52.959957 7f8d42936e40                  Options.enable_thread_tracking: 0
2022/11/25-00:12:52.959958 7f8d42936e40                  Options.enable_pipelined_write: 0
2022/11/25-00:12:52.959966 7f8d42936e40                  Options.unordered_write: 0
2022/11/25-00:12:52.959969 7f8d42936e40         Options.allow_concurrent_memtable_write: 1
2022/11/25-00:12:52.959971 7f8d42936e40      Options.enable_write_thread_adaptive_yield: 1
2022/11/25-00:12:52.959972 7f8d42936e40             Options.write_thread_max_yield_usec: 100
2022/11/25-00:12:52.959973 7f8d42936e40            Options.write_thread_slow_yield_usec: 3
2022/11/25-00:12:52.959975 7f8d42936e40                               Options.row_cache: None
2022/11/25-00:12:52.959976 7f8d42936e40                              Options.wal_filter: None
2022/11/25-00:12:52.959979 7f8d42936e40             Options.avoid_flush_during_recovery: 0
2022/11/25-00:12:52.959980 7f8d42936e40             Options.allow_ingest_behind: 0
2022/11/25-00:12:52.959984 7f8d42936e40             Options.preserve_deletes: 0
2022/11/25-00:12:52.959986 7f8d42936e40             Options.two_write_queues: 0
2022/11/25-00:12:52.959988 7f8d42936e40             Options.manual_wal_flush: 0
2022/11/25-00:12:52.959990 7f8d42936e40             Options.atomic_flush: 0
2022/11/25-00:12:52.959992 7f8d42936e40             Options.avoid_unnecessary_blocking_io: 0
2022/11/25-00:12:52.959995 7f8d42936e40                 Options.persist_stats_to_disk: 0
2022/11/25-00:12:52.959997 7f8d42936e40                 Options.write_dbid_to_manifest: 0
2022/11/25-00:12:52.959999 7f8d42936e40                 Options.log_readahead_size: 0
2022/11/25-00:12:52.960001 7f8d42936e40                 Options.file_checksum_gen_factory: Unknown
2022/11/25-00:12:52.960005 7f8d42936e40                 Options.best_efforts_recovery: 0
2022/11/25-00:12:52.960007 7f8d42936e40                Options.max_bgerror_resume_count: 2147483647
2022/11/25-00:12:52.960010 7f8d42936e40            Options.bgerror_resume_retry_interval: 1000000
2022/11/25-00:12:52.960014 7f8d42936e40             Options.allow_data_in_errors: 0
2022/11/25-00:12:52.960016 7f8d42936e40             Options.db_host_id: __hostname__
2022/11/25-00:12:52.960018 7f8d42936e40             Options.max_background_jobs: 1
2022/11/25-00:12:52.960020 7f8d42936e40             Options.max_background_compactions: -1
2022/11/25-00:12:52.960021 7f8d42936e40             Options.max_subcompactions: 1
2022/11/25-00:12:52.960033 7f8d42936e40             Options.avoid_flush_during_shutdown: 0
2022/11/25-00:12:52.960035 7f8d42936e40           Options.writable_file_max_buffer_size: 1048576
2022/11/25-00:12:52.960037 7f8d42936e40             Options.delayed_write_rate : 16777216
2022/11/25-00:12:52.960039 7f8d42936e40             Options.max_total_wal_size: 0
2022/11/25-00:12:52.960040 7f8d42936e40             Options.delete_obsolete_files_period_micros: 21600000000
2022/11/25-00:12:52.960042 7f8d42936e40                   Options.stats_dump_period_sec: 600
2022/11/25-00:12:52.960046 7f8d42936e40                 Options.stats_persist_period_sec: 600
2022/11/25-00:12:52.960048 7f8d42936e40                 Options.stats_history_buffer_size: 1048576
2022/11/25-00:12:52.960049 7f8d42936e40                          Options.max_open_files: -1
2022/11/25-00:12:52.960051 7f8d42936e40                          Options.bytes_per_sync: 0
2022/11/25-00:12:52.960053 7f8d42936e40                      Options.wal_bytes_per_sync: 0
2022/11/25-00:12:52.960054 7f8d42936e40                   Options.strict_bytes_per_sync: 0
2022/11/25-00:12:52.960056 7f8d42936e40       Options.compaction_readahead_size: 0
2022/11/25-00:12:52.960057 7f8d42936e40                  Options.max_background_flushes: 1
2022/11/25-00:12:52.961414 7f8d42936e40 Compression algorithms supported:
2022/11/25-00:12:52.961421 7f8d42936e40 	kZSTDNotFinalCompression supported: 0
2022/11/25-00:12:52.961423 7f8d42936e40 	kZSTD supported: 0
2022/11/25-00:12:52.961424 7f8d42936e40 	kXpressCompression supported: 0
2022/11/25-00:12:52.961425 7f8d42936e40 	kLZ4HCCompression supported: 0
2022/11/25-00:12:52.961427 7f8d42936e40 	kLZ4Compression supported: 0
2022/11/25-00:12:52.961428 7f8d42936e40 	kBZip2Compression supported: 0
2022/11/25-00:12:52.961429 7f8d42936e40 	kZlibCompression supported: 0
2022/11/25-00:12:52.961439 7f8d42936e40 	kSnappyCompression supported: 0
2022/11/25-00:12:52.961477 7f8d42936e40 Fast CRC32 supported: Supported on x86
2022/11/25-00:12:52.968077 7f8d42936e40 [db/version_set.cc:4725] Recovering from manifest file: /var/lib/milvus/rdb_data_meta_kv/MANIFEST-000021
2022/11/25-00:12:52.969045 7f8d42936e40 [db/column_family.cc:597] --------------- Options for column family [default]:
2022/11/25-00:12:52.969051 7f8d42936e40               Options.comparator: leveldb.BytewiseComparator
2022/11/25-00:12:52.969053 7f8d42936e40           Options.merge_operator: None
2022/11/25-00:12:52.969054 7f8d42936e40        Options.compaction_filter: None
2022/11/25-00:12:52.969056 7f8d42936e40        Options.compaction_filter_factory: None
2022/11/25-00:12:52.969057 7f8d42936e40  Options.sst_partitioner_factory: None
2022/11/25-00:12:52.969058 7f8d42936e40         Options.memtable_factory: SkipListFactory
2022/11/25-00:12:52.969059 7f8d42936e40            Options.table_factory: BlockBasedTable
2022/11/25-00:12:52.969098 7f8d42936e40            table_factory options:   flush_block_policy_factory: FlushBlockBySizePolicyFactory (0x712b850)
  cache_index_and_filter_blocks: 0
  cache_index_and_filter_blocks_with_high_priority: 1
  pin_l0_filter_and_index_blocks_in_cache: 0
  pin_top_level_index_and_filter: 1
  index_type: 0
  data_block_index_type: 0
  index_shortening: 1
  data_block_hash_table_util_ratio: 0.750000
  hash_index_allow_collision: 1
  checksum: 1
  no_block_cache: 0
  block_cache: 0x71222e0
  block_cache_name: LRUCache
  block_cache_options:
    capacity : 536870912
    num_shard_bits : 6
    strict_capacity_limit : 0
    memory_allocator : None
    high_pri_pool_ratio: 0.500
  block_cache_compressed: (nil)
  persistent_cache: (nil)
  block_size: 4096
  block_size_deviation: 10
  block_restart_interval: 16
  index_block_restart_interval: 1
  metadata_block_size: 4096
  partition_filters: 0
  use_delta_encoding: 1
  filter_policy: nullptr
  whole_key_filtering: 1
  verify_compression: 0
  read_amp_bytes_per_bit: 0
  format_version: 4
  enable_index_compression: 1
  block_align: 0
2022/11/25-00:12:52.969107 7f8d42936e40        Options.write_buffer_size: 67108864
2022/11/25-00:12:52.969109 7f8d42936e40  Options.max_write_buffer_number: 2
2022/11/25-00:12:52.969110 7f8d42936e40          Options.compression: NoCompression
2022/11/25-00:12:52.969111 7f8d42936e40                  Options.bottommost_compression: Disabled
2022/11/25-00:12:52.969113 7f8d42936e40       Options.prefix_extractor: nullptr
2022/11/25-00:12:52.969114 7f8d42936e40   Options.memtable_insert_with_hint_prefix_extractor: nullptr
2022/11/25-00:12:52.969115 7f8d42936e40             Options.num_levels: 7
2022/11/25-00:12:52.969116 7f8d42936e40        Options.min_write_buffer_number_to_merge: 1
2022/11/25-00:12:52.969117 7f8d42936e40     Options.max_write_buffer_number_to_maintain: 0
2022/11/25-00:12:52.969117 7f8d42936e40     Options.max_write_buffer_size_to_maintain: 0
2022/11/25-00:12:52.969119 7f8d42936e40            Options.bottommost_compression_opts.window_bits: -14
2022/11/25-00:12:52.969120 7f8d42936e40                  Options.bottommost_compression_opts.level: 32767
2022/11/25-00:12:52.969121 7f8d42936e40               Options.bottommost_compression_opts.strategy: 0
2022/11/25-00:12:52.969122 7f8d42936e40         Options.bottommost_compression_opts.max_dict_bytes: 0
2022/11/25-00:12:52.969123 7f8d42936e40         Options.bottommost_compression_opts.zstd_max_train_bytes: 0
2022/11/25-00:12:52.970259 7f8d42936e40         Options.bottommost_compression_opts.parallel_threads: 1
2022/11/25-00:12:52.970267 7f8d42936e40                  Options.bottommost_compression_opts.enabled: false
2022/11/25-00:12:52.970269 7f8d42936e40            Options.compression_opts.window_bits: -14
2022/11/25-00:12:52.970271 7f8d42936e40                  Options.compression_opts.level: 32767
2022/11/25-00:12:52.970273 7f8d42936e40               Options.compression_opts.strategy: 0
2022/11/25-00:12:52.970274 7f8d42936e40         Options.compression_opts.max_dict_bytes: 0
2022/11/25-00:12:52.970276 7f8d42936e40         Options.compression_opts.zstd_max_train_bytes: 0
2022/11/25-00:12:52.970277 7f8d42936e40         Options.compression_opts.parallel_threads: 1
2022/11/25-00:12:52.970278 7f8d42936e40                  Options.compression_opts.enabled: false
2022/11/25-00:12:52.970280 7f8d42936e40      Options.level0_file_num_compaction_trigger: 4
2022/11/25-00:12:52.970281 7f8d42936e40          Options.level0_slowdown_writes_trigger: 20
2022/11/25-00:12:52.970282 7f8d42936e40              Options.level0_stop_writes_trigger: 36
2022/11/25-00:12:52.970283 7f8d42936e40                   Options.target_file_size_base: 67108864
2022/11/25-00:12:52.970284 7f8d42936e40             Options.target_file_size_multiplier: 1
2022/11/25-00:12:52.970285 7f8d42936e40                Options.max_bytes_for_level_base: 268435456
2022/11/25-00:12:52.970286 7f8d42936e40 Options.level_compaction_dynamic_level_bytes: 0
2022/11/25-00:12:52.970287 7f8d42936e40          Options.max_bytes_for_level_multiplier: 10.000000
2022/11/25-00:12:52.970291 7f8d42936e40 Options.max_bytes_for_level_multiplier_addtl[0]: 1
2022/11/25-00:12:52.970292 7f8d42936e40 Options.max_bytes_for_level_multiplier_addtl[1]: 1
2022/11/25-00:12:52.970293 7f8d42936e40 Options.max_bytes_for_level_multiplier_addtl[2]: 1
2022/11/25-00:12:52.970294 7f8d42936e40 Options.max_bytes_for_level_multiplier_addtl[3]: 1
2022/11/25-00:12:52.970295 7f8d42936e40 Options.max_bytes_for_level_multiplier_addtl[4]: 1
2022/11/25-00:12:52.970297 7f8d42936e40 Options.max_bytes_for_level_multiplier_addtl[5]: 1
2022/11/25-00:12:52.970298 7f8d42936e40 Options.max_bytes_for_level_multiplier_addtl[6]: 1
2022/11/25-00:12:52.970300 7f8d42936e40       Options.max_sequential_skip_in_iterations: 8
2022/11/25-00:12:52.970301 7f8d42936e40                    Options.max_compaction_bytes: 1677721600
2022/11/25-00:12:52.970302 7f8d42936e40                        Options.arena_block_size: 8388608
2022/11/25-00:12:52.970303 7f8d42936e40   Options.soft_pending_compaction_bytes_limit: 68719476736
2022/11/25-00:12:52.970304 7f8d42936e40   Options.hard_pending_compaction_bytes_limit: 274877906944
2022/11/25-00:12:52.970305 7f8d42936e40       Options.rate_limit_delay_max_milliseconds: 100
2022/11/25-00:12:52.970306 7f8d42936e40                Options.disable_auto_compactions: 0
2022/11/25-00:12:52.970310 7f8d42936e40                        Options.compaction_style: kCompactionStyleLevel
2022/11/25-00:12:52.970312 7f8d42936e40                          Options.compaction_pri: kMinOverlappingRatio
2022/11/25-00:12:52.970313 7f8d42936e40 Options.compaction_options_universal.size_ratio: 1
2022/11/25-00:12:52.970314 7f8d42936e40 Options.compaction_options_universal.min_merge_width: 2
2022/11/25-00:12:52.970315 7f8d42936e40 Options.compaction_options_universal.max_merge_width: 4294967295
2022/11/25-00:12:52.970316 7f8d42936e40 Options.compaction_options_universal.max_size_amplification_percent: 200
2022/11/25-00:12:52.970317 7f8d42936e40 Options.compaction_options_universal.compression_size_percent: -1
2022/11/25-00:12:52.970318 7f8d42936e40 Options.compaction_options_universal.stop_style: kCompactionStopStyleTotalSize
2022/11/25-00:12:52.970319 7f8d42936e40 Options.compaction_options_fifo.max_table_files_size: 1073741824
2022/11/25-00:12:52.970320 7f8d42936e40 Options.compaction_options_fifo.allow_compaction: 0
2022/11/25-00:12:52.970327 7f8d42936e40                   Options.table_properties_collectors: 
2022/11/25-00:12:52.971250 7f8d42936e40                   Options.inplace_update_support: 0
2022/11/25-00:12:52.971257 7f8d42936e40                 Options.inplace_update_num_locks: 10000
2022/11/25-00:12:52.971259 7f8d42936e40               Options.memtable_prefix_bloom_size_ratio: 0.000000
2022/11/25-00:12:52.971263 7f8d42936e40               Options.memtable_whole_key_filtering: 0
2022/11/25-00:12:52.971264 7f8d42936e40   Options.memtable_huge_page_size: 0
2022/11/25-00:12:52.971265 7f8d42936e40                           Options.bloom_locality: 0
2022/11/25-00:12:52.971266 7f8d42936e40                    Options.max_successive_merges: 0
2022/11/25-00:12:52.971267 7f8d42936e40                Options.optimize_filters_for_hits: 0
2022/11/25-00:12:52.971269 7f8d42936e40                Options.paranoid_file_checks: 0
2022/11/25-00:12:52.971270 7f8d42936e40                Options.force_consistency_checks: 1
2022/11/25-00:12:52.971271 7f8d42936e40                Options.report_bg_io_stats: 0
2022/11/25-00:12:52.971272 7f8d42936e40                               Options.ttl: 2592000
2022/11/25-00:12:52.971273 7f8d42936e40          Options.periodic_compaction_seconds: 0
2022/11/25-00:12:52.971274 7f8d42936e40                    Options.enable_blob_files: false
2022/11/25-00:12:52.971276 7f8d42936e40                        Options.min_blob_size: 0
2022/11/25-00:12:52.971277 7f8d42936e40                       Options.blob_file_size: 268435456
2022/11/25-00:12:52.971278 7f8d42936e40                Options.blob_compression_type: NoCompression
2022/11/25-00:12:52.971279 7f8d42936e40       Options.enable_blob_garbage_collection: false
2022/11/25-00:12:52.971280 7f8d42936e40   Options.blob_garbage_collection_age_cutoff: 0.250000
2022/11/25-00:12:52.976473 7f8d42936e40 [db/version_set.cc:4773] Recovered from manifest file:/var/lib/milvus/rdb_data_meta_kv/MANIFEST-000021 succeeded,manifest_file_number is 21, next_file_number is 23, last_sequence is 515, log_number is 17,prev_log_number is 0,max_column_family is 0,min_log_number_to_keep is 0
2022/11/25-00:12:52.976482 7f8d42936e40 [db/version_set.cc:4782] Column family [default] (ID 0), log number is 17
2022/11/25-00:12:52.978731 7f8d42936e40 [db/version_set.cc:4083] Creating manifest 25
2022/11/25-00:12:52.992364 7f8d42936e40 EVENT_LOG_v1 {"time_micros": 1669335172992351, "job": 1, "event": "recovery_started", "wal_files": [22]}
2022/11/25-00:12:52.992376 7f8d42936e40 [db/db_impl/db_impl_open.cc:847] Recovering log #22 mode 2
2022/11/25-00:12:53.002376 7f8d42936e40 EVENT_LOG_v1 {"time_micros": 1669335173002346, "cf_name": "default", "job": 1, "event": "table_file_creation", "file_number": 26, "file_size": 909, "file_checksum": "", "file_checksum_func_name": "Unknown", "table_properties": {"data_size": 38, "index_size": 23, "index_partitions": 0, "top_level_index_size": 0, "index_key_is_user_key": 1, "index_value_is_delta_encoded": 1, "filter_size": 0, "raw_key_size": 14, "raw_average_key_size": 14, "raw_value_size": 8, "raw_average_value_size": 8, "num_data_blocks": 1, "num_entries": 1, "num_deletions": 0, "num_merge_operands": 0, "num_range_deletions": 0, "format_version": 0, "fixed_key_len": 0, "filter_policy": "", "column_family_name": "default", "column_family_id": 0, "comparator": "leveldb.BytewiseComparator", "merge_operator": "nullptr", "prefix_extractor_name": "nullptr", "property_collectors": "[]", "compression": "NoCompression", "compression_options": "window_bits=-14; level=32767; strategy=0; max_dict_bytes=0; zstd_max_train_bytes=0; enabled=0; ", "creation_time": 1669335172, "oldest_key_time": 0, "file_creation_time": 0, "db_id": "1f0a9087-3ff8-4e7f-a750-580fe1e5951f", "db_session_id": "0BQ29ZIKOZ9DILN5IMOW"}}
2022/11/25-00:12:53.003167 7f8d42936e40 [db/version_set.cc:4083] Creating manifest 27
2022/11/25-00:12:53.016354 7f8d42936e40 EVENT_LOG_v1 {"time_micros": 1669335173016349, "job": 1, "event": "recovery_finished"}
2022/11/25-00:12:53.023806 7f8d42936e40 [file/delete_scheduler.cc:73] Deleted file /var/lib/milvus/rdb_data_meta_kv/000022.log immediately, rate_bytes_per_sec 0, total_trash_size 0 max_trash_db_ratio 0.250000
2022/11/25-00:12:53.045570 7f8d0cacd700 [db/compaction/compaction_job.cc:1884] [default] [JOB 3] Compacting 4@0 files to L1, score 1.00
2022/11/25-00:12:53.046165 7f8d0cacd700 [db/compaction/compaction_job.cc:1888] [default] Compaction start summary: Base version 3 Base level 0, inputs: [26(909B) 20(909B) 14(909B) 8(11KB)]
2022/11/25-00:12:53.047377 7f8d0cacd700 EVENT_LOG_v1 {"time_micros": 1669335173046178, "job": 3, "event": "compaction_started", "compaction_reason": "LevelL0FilesNum", "files_L0": [26, 20, 14, 8], "score": 1, "input_data_size": 13997}
2022/11/25-00:12:53.048787 7f8d42936e40 [db/db_impl/db_impl_open.cc:1701] SstFileManager instance 0x7129e30
2022/11/25-00:12:53.053808 7f8d42936e40 DB pointer 0x712c990
2022/11/25-00:12:53.054649 7f8cd3ff7700 [db/db_impl/db_impl.cc:902] ------- DUMPING STATS -------
2022/11/25-00:12:53.054697 7f8cd3ff7700 [db/db_impl/db_impl.cc:903] 
** DB Stats **
Uptime(secs): 0.1 total, 0.1 interval
Cumulative writes: 0 writes, 0 keys, 0 commit groups, 0.0 writes per commit group, ingest: 0.00 GB, 0.00 MB/s
Cumulative WAL: 0 writes, 0 syncs, 0.00 writes per sync, written: 0.00 GB, 0.00 MB/s
Cumulative stall: 00:00:0.000 H:M:S, 0.0 percent
Interval writes: 0 writes, 0 keys, 0 commit groups, 0.0 writes per commit group, ingest: 0.00 MB, 0.00 MB/s
Interval WAL: 0 writes, 0 syncs, 0.00 writes per sync, written: 0.00 MB, 0.00 MB/s
Interval stall: 00:00:0.000 H:M:S, 0.0 percent

** Compaction Stats [default] **
Level    Files   Size     Score Read(GB)  Rn(GB) Rnp1(GB) Write(GB) Wnew(GB) Moved(GB) W-Amp Rd(MB/s) Wr(MB/s) Comp(sec) CompMergeCPU(sec) Comp(cnt) Avg(sec) KeyIn KeyDrop
----------------------------------------------------------------------------------------------------------------------------------------------------------------------------
  L0      4/4   13.67 KB   0.0      0.0     0.0      0.0       0.0      0.0       0.0   1.0      0.0      0.1      0.01              0.00         1    0.009       0      0
 Sum      4/4   13.67 KB   0.0      0.0     0.0      0.0       0.0      0.0       0.0   1.0      0.0      0.1      0.01              0.00         1    0.009       0      0
 Int      0/0    0.00 KB   0.0      0.0     0.0      0.0       0.0      0.0       0.0   1.0      0.0      0.1      0.01              0.00         1    0.009       0      0

** Compaction Stats [default] **
Priority    Files   Size     Score Read(GB)  Rn(GB) Rnp1(GB) Write(GB) Wnew(GB) Moved(GB) W-Amp Rd(MB/s) Wr(MB/s) Comp(sec) CompMergeCPU(sec) Comp(cnt) Avg(sec) KeyIn KeyDrop
-------------------------------------------------------------------------------------------------------------------------------------------------------------------------------
User      0/0    0.00 KB   0.0      0.0     0.0      0.0       0.0      0.0       0.0   0.0      0.0      0.1      0.01              0.00         1    0.009       0      0
Uptime(secs): 0.1 total, 0.1 interval
Flush(GB): cumulative 0.000, interval 0.000
AddFile(GB): cumulative 0.000, interval 0.000
AddFile(Total Files): cumulative 0, interval 0
AddFile(L0 Files): cumulative 0, interval 0
AddFile(Keys): cumulative 0, interval 0
Cumulative compaction: 0.00 GB write, 0.01 MB/s write, 0.00 GB read, 0.00 MB/s read, 0.0 seconds
Interval compaction: 0.00 GB write, 0.01 MB/s write, 0.00 GB read, 0.00 MB/s read, 0.0 seconds
Stalls(count): 0 level0_slowdown, 0 level0_slowdown_with_compaction, 0 level0_numfiles, 0 level0_numfiles_with_compaction, 0 stop for pending_compaction_bytes, 0 slowdown for pending_compaction_bytes, 0 memtable_compaction, 0 memtable_slowdown, interval 0 total count

** File Read Latency Histogram By Level [default] **

** Compaction Stats [default] **
Level    Files   Size     Score Read(GB)  Rn(GB) Rnp1(GB) Write(GB) Wnew(GB) Moved(GB) W-Amp Rd(MB/s) Wr(MB/s) Comp(sec) CompMergeCPU(sec) Comp(cnt) Avg(sec) KeyIn KeyDrop
----------------------------------------------------------------------------------------------------------------------------------------------------------------------------
  L0      4/4   13.67 KB   0.0      0.0     0.0      0.0       0.0      0.0       0.0   1.0      0.0      0.1      0.01              0.00         1    0.009       0      0
 Sum      4/4   13.67 KB   0.0      0.0     0.0      0.0       0.0      0.0       0.0   1.0      0.0      0.1      0.01              0.00         1    0.009       0      0
 Int      0/0    0.00 KB   0.0      0.0     0.0      0.0       0.0      0.0       0.0   0.0      0.0      0.0      0.00              0.00         0    0.000       0      0

** Compaction Stats [default] **
Priority    Files   Size     Score Read(GB)  Rn(GB) Rnp1(GB) Write(GB) Wnew(GB) Moved(GB) W-Amp Rd(MB/s) Wr(MB/s) Comp(sec) CompMergeCPU(sec) Comp(cnt) Avg(sec) KeyIn KeyDrop
-------------------------------------------------------------------------------------------------------------------------------------------------------------------------------
User      0/0    0.00 KB   0.0      0.0     0.0      0.0       0.0      0.0       0.0   0.0      0.0      0.1      0.01              0.00         1    0.009       0      0
Uptime(secs): 0.1 total, 0.0 interval
Flush(GB): cumulative 0.000, interval 0.000
AddFile(GB): cumulative 0.000, interval 0.000
AddFile(Total Files): cumulative 0, interval 0
AddFile(L0 Files): cumulative 0, interval 0
AddFile(Keys): cumulative 0, interval 0
Cumulative compaction: 0.00 GB write, 0.01 MB/s write, 0.00 GB read, 0.00 MB/s read, 0.0 seconds
Interval compaction: 0.00 GB write, 0.00 MB/s write, 0.00 GB read, 0.00 MB/s read, 0.0 seconds
Stalls(count): 0 level0_slowdown, 0 level0_slowdown_with_compaction, 0 level0_numfiles, 0 level0_numfiles_with_compaction, 0 stop for pending_compaction_bytes, 0 slowdown for pending_compaction_bytes, 0 memtable_compaction, 0 memtable_slowdown, interval 0 total count

** File Read Latency Histogram By Level [default] **
2022/11/25-00:12:53.058404 7f8d0cacd700 [db/compaction/compaction_job.cc:1521] [default] [JOB 3] Generated table #31: 513 keys, 11293 bytes
2022/11/25-00:12:53.058441 7f8d0cacd700 EVENT_LOG_v1 {"time_micros": 1669335173058422, "cf_name": "default", "job": 3, "event": "table_file_creation", "file_number": 31, "file_size": 11293, "file_checksum": "", "file_checksum_func_name": "Unknown", "table_properties": {"data_size": 10281, "index_size": 134, "index_partitions": 0, "top_level_index_size": 0, "index_key_is_user_key": 1, "index_value_is_delta_encoded": 1, "filter_size": 0, "raw_key_size": 21810, "raw_average_key_size": 42, "raw_value_size": 2824, "raw_average_value_size": 5, "num_data_blocks": 3, "num_entries": 513, "num_deletions": 0, "num_merge_operands": 0, "num_range_deletions": 0, "format_version": 0, "fixed_key_len": 0, "filter_policy": "", "column_family_name": "default", "column_family_id": 0, "comparator": "leveldb.BytewiseComparator", "merge_operator": "nullptr", "prefix_extractor_name": "nullptr", "property_collectors": "[]", "compression": "NoCompression", "compression_options": "window_bits=-14; level=32767; strategy=0; max_dict_bytes=0; zstd_max_train_bytes=0; enabled=0; ", "creation_time": 1669333749, "oldest_key_time": 0, "file_creation_time": 1669335173, "db_id": "1f0a9087-3ff8-4e7f-a750-580fe1e5951f", "db_session_id": "0BQ29ZIKOZ9DILN5IMOW"}}
2022/11/25-00:12:53.062207 7f8d0cacd700 [db/compaction/compaction_job.cc:1598] [default] [JOB 3] Compacted 4@0 files to L1 => 11293 bytes
2022/11/25-00:12:53.065552 7f8d0cacd700 (Original Log Time 2022/11/25-00:12:53.063980) [db/compaction/compaction_job.cc:830] [default] compacted to: files[0 1 0 0 0 0 0] max score 0.00, MB/sec: 1.3 rd, 1.0 wr, level 1, files in(4, 0) out(1) MB in(0.0, 0.0) out(0.0), read-write-amplify(1.8) write-amplify(0.8) OK, records in: 516, records dropped: 3 output_compression: NoCompression
2022/11/25-00:12:53.065613 7f8d0cacd700 (Original Log Time 2022/11/25-00:12:53.064090) EVENT_LOG_v1 {"time_micros": 1669335173064082, "job": 3, "event": "compaction_finished", "compaction_time_micros": 11087, "compaction_time_cpu_micros": 1497, "output_level": 1, "num_output_files": 1, "total_output_size": 11293, "num_input_records": 516, "num_output_records": 513, "num_subcompactions": 1, "output_compression": "NoCompression", "num_single_delete_mismatches": 0, "num_single_delete_fallthrough": 0, "lsm_state": [0, 1, 0, 0, 0, 0, 0]}
2022/11/25-00:12:53.069111 7f8d0cacd700 [file/delete_scheduler.cc:73] Deleted file /var/lib/milvus/rdb_data_meta_kv/000026.sst immediately, rate_bytes_per_sec 0, total_trash_size 0 max_trash_db_ratio 0.250000
2022/11/25-00:12:53.069146 7f8d0cacd700 EVENT_LOG_v1 {"time_micros": 1669335173069141, "job": 3, "event": "table_file_deletion", "file_number": 26}
2022/11/25-00:12:53.070290 7f8d0cacd700 [file/delete_scheduler.cc:73] Deleted file /var/lib/milvus/rdb_data_meta_kv/000020.sst immediately, rate_bytes_per_sec 0, total_trash_size 0 max_trash_db_ratio 0.250000
2022/11/25-00:12:53.070308 7f8d0cacd700 EVENT_LOG_v1 {"time_micros": 1669335173070305, "job": 3, "event": "table_file_deletion", "file_number": 20}
2022/11/25-00:12:53.071326 7f8d0cacd700 [file/delete_scheduler.cc:73] Deleted file /var/lib/milvus/rdb_data_meta_kv/000014.sst immediately, rate_bytes_per_sec 0, total_trash_size 0 max_trash_db_ratio 0.250000
2022/11/25-00:12:53.071355 7f8d0cacd700 EVENT_LOG_v1 {"time_micros": 1669335173071352, "job": 3, "event": "table_file_deletion", "file_number": 14}
2022/11/25-00:12:53.072891 7f8d0cacd700 [file/delete_scheduler.cc:73] Deleted file /var/lib/milvus/rdb_data_meta_kv/000008.sst immediately, rate_bytes_per_sec 0, total_trash_size 0 max_trash_db_ratio 0.250000
2022/11/25-00:12:53.072915 7f8d0cacd700 EVENT_LOG_v1 {"time_micros": 1669335173072912, "job": 3, "event": "table_file_deletion", "file_number": 8}
